Id,Sale_price
1461,117913.52
1462,145962.73
1463,162929.17
1464,184457.24
1465,222126.64
1466,168646.83
1467,181528.29
1468,160201.3
1469,206095.75
1470,115136.24
1471,166951.45
1472,97276.66
1473,90767.92
1474,147178.5
1475,115884.17
1476,356900.3
1477,252251.25
1478,325732.09
1479,320124.31
1480,445530.39
1481,308857.74
1482,216929.27
1483,175599.22
1484,161558.94
1485,193703.6
1486,197337.64
1487,333522.18
1488,241002.72
1489,196442.02
1490,254623.8
1491,200105.76
1492,103028.44
1493,212080.79
1494,301796.03
1495,291933.29
1496,237586.82
1497,173176.73
1498,158395.0
1499,159562.61
1500,150638.35
1501,178579.54
1502,148356.28
1503,270362.12
1504,244699.56
1505,230567.51
1506,187941.24
1507,238122.23
1508,185452.29
1509,157970.64
1510,141450.88
1511,140460.64
1512,173642.66
1513,158075.93
1514,143452.89
1515,187283.36
1516,155788.2
1517,171285.23
1518,122060.99
1519,202807.93
1520,122927.38
1521,119780.75
1522,186188.38
1523,101301.35
1524,122258.48
1525,108767.56
1526,111308.25
1527,98319.66
1528,139521.55
1529,155845.86
1530,209570.12
1531,133021.25
1532,102660.44
1533,146085.86
1534,135164.37
1535,151667.53
1536,103690.33
1537,49597.03
1538,161738.18
1539,202711.31
1540,130381.37
1541,132124.6
1542,146038.39
1543,171709.15
1544,102084.54
1545,132042.53
1546,147801.24
1547,144383.1
1548,146190.21
1549,113215.5
1550,141259.26
1551,120367.17
1552,144468.05
1553,150752.23
1554,121057.4
1555,167210.93
1556,77538.82
1557,104039.9
1558,95313.22
1559,92612.88
1560,131995.99
1561,107755.7
1562,134925.72
1563,120488.3
1564,154150.66
1565,146034.46
1566,245671.27
1567,88471.46
1568,223205.09
1569,121135.31
1570,144671.58
1571,93908.06
1572,136062.59
1573,223972.14
1574,117942.46
1575,230003.63
1576,229562.09
1577,182362.5
1578,151332.05
1579,131183.29
1580,193246.0
1581,165549.88
1582,146994.72
1583,266117.36
1584,226085.13
1585,141938.64
1586,51890.51
1587,118498.01
1588,159729.02
1589,106739.69
1590,134799.39
1591,89528.65
1592,119742.7
1593,141812.6
1594,140300.21
1595,111199.32
1596,227452.09
1597,186025.59
1598,215669.95
1599,199564.97
1600,177224.5
1601,46155.64
1602,128719.58
1603,83986.48
1604,288232.77
1605,228234.89
1606,159119.26
1607,161307.37
1608,212158.48
1609,181418.83
1610,153778.78
1611,134253.53
1612,193228.21
1613,163967.68
1614,143970.84
1615,81142.36
1616,63978.18
1617,83914.81
1618,117939.45
1619,154303.25
1620,144925.9
1621,124683.96
1622,141256.57
1623,246122.55
1624,199123.23
1625,110993.15
1626,174314.38
1627,178523.17
1628,269856.94
1629,175211.38
1630,331480.78
1631,243439.79
1632,244857.9
1633,177113.94
1634,181573.13
1635,173225.35
1636,157849.23
1637,187021.0
1638,201670.94
1639,183566.96
1640,240970.38
1641,172880.64
1642,263448.39
1643,231022.77
1644,234003.25
1645,218820.26
1646,161326.19
1647,156605.55
1648,127871.47
1649,135669.41
1650,120425.65
1651,115316.71
1652,102492.87
1653,106659.97
1654,148424.12
1655,133574.93
1656,136241.34
1657,149147.79
1658,146053.39
1659,124285.89
1660,144880.34
1661,406910.82
1662,366290.05
1663,371438.19
1664,448854.08
1665,337916.2
1666,333704.82
1667,366386.01
1668,357121.75
1669,325313.21
1670,355245.02
1671,265174.0
1672,389679.2
1673,291820.77
1674,256333.95
1675,202746.68
1676,200973.24
1677,215543.58
1678,438514.53
1679,376534.23
1680,316723.79
1681,286997.16
1682,329116.27
1683,202162.8
1684,184416.91
1685,182330.11
1686,167247.94
1687,180811.69
1688,190491.66
1689,200010.22
1690,196808.86
1691,188533.12
1692,266594.85
1693,182702.35
1694,178586.69
1695,175341.82
1696,249785.28
1697,180769.11
1698,337852.48
1699,315525.29
1700,269847.11
1701,285929.17
1702,252946.15
1703,248813.44
1704,268726.95
1705,266841.21
1706,398120.42
1707,235606.73
1708,216645.16
1709,260766.0
1710,224134.14
1711,280185.63
1712,248589.94
1713,277242.1
1714,227956.53
1715,215593.41
1716,185891.94
1717,185267.44
1718,141688.97
1719,224793.25
1720,224362.25
1721,180181.84
1722,134722.51
1723,164529.1
1724,198138.85
1725,224997.13
1726,185673.94
1727,137472.75
1728,190173.82
1729,161507.69
1730,175627.14
1731,126582.87
1732,131016.79
1733,109044.77
1734,112932.79
1735,141505.93
1736,109364.37
1737,289553.18
1738,262638.09
1739,253359.43
1740,193968.1
1741,181092.87
1742,169637.43
1743,180805.88
1744,312678.15
1745,240593.34
1746,235621.3
1747,215122.16
1748,225818.24
1749,152808.31
1750,145465.08
1751,239529.06
1752,104210.54
1753,153094.17
1754,197941.34
1755,154036.18
1756,123891.84
1757,116370.37
1758,148474.06
1759,158145.95
1760,164548.92
1761,157489.06
1762,174387.58
1763,195221.34
1764,110238.8
1765,174503.36
1766,184955.12
1767,208425.08
1768,142845.16
1769,161115.56
1770,156616.02
1771,135947.36
1772,129529.17
1773,124613.04
1774,131924.46
1775,137784.67
1776,135337.09
1777,114894.17
1778,139571.2
1779,123042.32
1780,173387.15
1781,122020.19
1782,71883.53
1783,139205.6
1784,100930.89
1785,143766.81
1786,152634.36
1787,167135.53
1788,50824.42
1789,108049.33
1790,48351.02
1791,197043.88
1792,155475.67
1793,122141.02
1794,170434.25
1795,125442.69
1796,158027.54
1797,136648.1
1798,133585.54
1799,106244.35
1800,141796.87
1801,119039.66
1802,151876.47
1803,157418.13
1804,127920.23
1805,142825.73
1806,127198.55
1807,152707.1
1808,130129.93
1809,117634.66
1810,146916.7
1811,106101.13
1812,103292.43
1813,123510.42
1814,100304.23
1815,38469.49
1816,96871.13
1817,115314.09
1818,167463.96
1819,140133.57
1820,43941.37
1821,130935.26
1822,153958.64
1823,62910.67
1824,149572.43
1825,147367.7
1826,89813.41
1827,105719.46
1828,134375.33
1829,153490.98
1830,137913.59
1831,157260.77
1832,51302.41
1833,144753.55
1834,111609.38
1835,106649.67
1836,131193.86
1837,82658.17
1838,116077.04
1839,121843.0
1840,146141.32
1841,122314.9
1842,81003.96
1843,127142.59
1844,149425.02
1845,152196.9
1846,151071.2
1847,190255.94
1848,37177.56
1849,119722.77
1850,112442.16
1851,133373.13
1852,126266.44
1853,104303.57
1854,163962.62
1855,153681.72
1856,218177.15
1857,133427.29
1858,159675.93
1859,113968.12
1860,154176.32
1861,115918.09
1862,294037.53
1863,292887.06
1864,292897.93
1865,340857.73
1866,341799.03
1867,228041.47
1868,284096.37
1869,211170.77
1870,219676.48
1871,270838.69
1872,185078.91
1873,231621.56
1874,158225.22
1875,196965.21
1876,194937.32
1877,203594.03
1878,210644.74
1879,127765.79
1880,145208.75
1881,235028.73
1882,241950.55
1883,192724.21
1884,203426.3
1885,242319.68
1886,287794.46
1887,219945.37
1888,254615.64
1889,176047.58
1890,103527.51
1891,131974.48
1892,97481.34
1893,129375.68
1894,108472.86
1895,125395.53
1896,122526.79
1897,107198.62
1898,110003.13
1899,166556.87
1900,173738.33
1901,183075.3
1902,171421.36
1903,241847.23
1904,186492.4
1905,204600.21
1906,152971.38
1907,209616.05
1908,117032.27
1909,146872.97
1910,127065.48
1911,223604.26
1912,298605.92
1913,164903.63
1914,71812.82
1915,314410.93
1916,35457.27
1917,228877.5
1918,142972.47
1919,164405.25
1920,161595.19
1921,369592.1
1922,337798.18
1923,225191.82
1924,213161.51
1925,214019.68
1926,367453.46
1927,125174.41
1928,150798.85
1929,114277.71
1930,132877.85
1931,135996.54
1932,132083.11
1933,183586.1
1934,172940.97
1935,162065.32
1936,193115.13
1937,171312.94
1938,171064.23
1939,273614.15
1940,227544.17
1941,169404.13
1942,173247.06
1943,248588.49
1944,388698.22
1945,401306.24
1946,150510.81
1947,353028.48
1948,166059.08
1949,239589.84
1950,187312.11
1951,232903.32
1952,196174.98
1953,168799.67
1954,184721.61
1955,124788.37
1956,268149.68
1957,152039.56
1958,255477.87
1959,136427.25
1960,102363.72
1961,124931.64
1962,93695.94
1963,104292.71
1964,100052.79
1965,141039.15
1966,135056.34
1967,296674.72
1968,398786.1
1969,381385.15
1970,399361.22
1971,442476.24
1972,364756.38
1973,295946.51
1974,344892.74
1975,457813.79
1976,277958.09
1977,351369.76
1978,351599.08
1979,300917.17
1980,201108.01
1981,327671.24
1982,219210.95
1983,208312.32
1984,188130.27
1985,226904.63
1986,206879.26
1987,203693.3
1988,178600.45
1989,196298.43
1990,212399.46
1991,220583.69
1992,213955.36
1993,179764.39
1994,226504.99
1995,183306.85
1996,287219.57
1997,349492.81
1998,303806.78
1999,316388.29
2000,322644.04
2001,282784.81
2002,264482.24
2003,252970.63
2004,271045.96
2005,255085.87
2006,219514.73
2007,255209.9
2008,216139.47
2009,199947.0
2010,200874.83
2011,150547.41
2012,183823.37
2013,170154.78
2014,177531.97
2015,194035.38
2016,190743.23
2017,187627.41
2018,125422.27
2019,144374.15
2020,99850.8
2021,104265.95
2022,192318.4
2023,139108.66
2024,306642.16
2025,358715.46
2026,171740.07
2027,157765.75
2028,166794.08
2029,161515.39
2030,257708.71
2031,243988.48
2032,270373.2
2033,249466.95
2034,175314.56
2035,225414.66
2036,199012.1
2037,200385.99
2038,320484.17
2039,233167.43
2040,306754.96
2041,294300.37
2042,220544.6
2043,170088.73
2044,184835.16
2045,199350.67
2046,137959.03
2047,142963.8
2048,145256.12
2049,136178.94
2050,167961.24
2051,114389.91
2052,137922.55
2053,147935.87
2054,74998.57
2055,156164.76
2056,153568.26
2057,110760.1
2058,198942.71
2059,133180.86
2060,172181.38
2061,183827.4
2062,119441.0
2063,115919.08
2064,127722.2
2065,114042.79
2066,172825.63
2067,119943.65
2068,137425.11
2069,86484.95
2070,112491.84
2071,92435.26
2072,146097.19
2073,132781.76
2074,146669.53
2075,158864.7
2076,131974.83
2077,156740.75
2078,132450.85
2079,135310.45
2080,123893.14
2081,116496.33
2082,148278.08
2083,144529.68
2084,104575.4
2085,117896.95
2086,134468.47
2087,129697.92
2088,89547.76
2089,82292.34
2090,126581.26
2091,83723.25
2092,128475.25
2093,144788.57
2094,106781.18
2095,133770.62
2096,97022.91
2097,99681.34
2098,147323.01
2099,42433.66
2100,64554.12
2101,109748.25
2102,142305.63
2103,93231.42
2104,147500.13
2105,139264.4
2106,29822.59
2107,194037.08
2108,129478.19
2109,106991.64
2110,110986.64
2111,150403.18
2112,137090.95
2113,127290.51
2114,130464.15
2115,162401.96
2116,130727.32
2117,147107.9
2118,123959.36
2119,109721.54
2120,130865.55
2121,110342.83
2122,108235.78
2123,92285.37
2124,180830.04
2125,143577.9
2126,151165.19
2127,176589.31
2128,143090.15
2129,91351.9
2130,139381.42
2131,146680.35
2132,99671.09
2133,126130.31
2134,118387.62
2135,118511.22
2136,47356.15
2137,117714.98
2138,147008.84
2139,152632.83
2140,144452.22
2141,173217.22
2142,122251.52
2143,142948.24
2144,122596.89
2145,147970.02
2146,185836.04
2147,150305.65
2148,141227.74
2149,152167.31
2150,238970.88
2151,136682.54
2152,174444.03
2153,192814.57
2154,89195.78
2155,131861.63
2156,248902.63
2157,219709.33
2158,227018.97
2159,223862.33
2160,183703.64
2161,237542.28
2162,350877.27
2163,336916.27
2164,239714.61
2165,201660.73
2166,165375.24
2167,222926.98
2168,189172.25
2169,192211.67
2170,211014.57
2171,166684.52
2172,149330.95
2173,176959.05
2174,220795.98
2175,255850.0
2176,296884.19
2177,233565.29
2178,217514.0
2179,139195.01
2180,226245.66
2181,197164.6
2182,215532.89
2183,196391.32
2184,125572.24
2185,135116.45
2186,144039.05
2187,157296.97
2188,158013.74
2189,315186.15
2190,63790.22
2191,53749.54
2192,77773.57
2193,114711.09
2194,93144.28
2195,68650.88
2196,111098.93
2197,104286.96
2198,158658.24
2199,179605.91
2200,154022.99
2201,159951.5
2202,200946.36
2203,165058.41
2204,178634.79
2205,147984.77
2206,155187.77
2207,237021.28
2208,238151.16
2209,227732.03
2210,117323.34
2211,126144.36
2212,129404.96
2213,105160.4
2214,153185.35
2215,105375.77
2216,141201.86
2217,71516.56
2218,88440.23
2219,80479.96
2220,50182.6
2221,314787.26
2222,301336.83
2223,266953.4
2224,211877.94
2225,127943.7
2226,172659.46
2227,189952.6
2228,293830.9
2229,238012.49
2230,153803.42
2231,214455.29
2232,186088.07
2233,181702.11
2234,254585.31
2235,237769.14
2236,250814.47
2237,289193.65
2238,202440.71
2239,119275.66
2240,157348.1
2241,141265.88
2242,117063.25
2243,128039.99
2244,101980.92
2245,109589.92
2246,141411.46
2247,114716.55
2248,120604.78
2249,114768.62
2250,127873.52
2251,102996.4
2252,174190.0
2253,170697.82
2254,172820.7
2255,188827.67
2256,171541.35
2257,207533.87
2258,158851.59
2259,170533.8
2260,152174.45
2261,232896.61
2262,251117.6
2263,378169.98
2264,409354.97
2265,185042.25
2266,332076.87
2267,373854.27
2268,431899.7
2269,159979.07
2270,185616.14
2271,204116.98
2272,192305.8
2273,157746.06
2274,172598.38
2275,155551.23
2276,190189.57
2277,188125.82
2278,153602.71
2279,128284.21
2280,108420.91
2281,151188.79
2282,155205.65
2283,110774.38
2284,134207.37
2285,134578.77
2286,121210.86
2287,376308.24
2288,296351.19
2289,319916.61
2290,408460.42
2291,349994.06
2292,409127.73
2293,419949.47
2294,387769.5
2295,410425.79
2296,261883.47
2297,368306.97
2298,375805.62
2299,351933.03
2300,325273.37
2301,329509.11
2302,261320.11
2303,258860.81
2304,250827.67
2305,200332.79
2306,200746.09
2307,212295.61
2308,218095.49
2309,302835.43
2310,207522.05
2311,214665.97
2312,176663.23
2313,176984.3
2314,174904.2
2315,177782.52
2316,203699.77
2317,190927.14
2318,176357.65
2319,179298.43
2320,181480.06
2321,239120.26
2322,197305.65
2323,196435.08
2324,196212.81
2325,205711.15
2326,185858.14
2327,204003.02
2328,215932.05
2329,187194.9
2330,182813.68
2331,329204.73
2332,397318.17
2333,321797.39
2334,284979.02
2335,317753.4
2336,307074.81
2337,209754.08
2338,252370.83
2339,234602.23
2340,364362.58
2341,219848.2
2342,244343.24
2343,235364.11
2344,239103.31
2345,237102.3
2346,214622.51
2347,204623.2
2348,239546.87
2349,191982.9
2350,313721.87
2351,270528.24
2352,251033.74
2353,256739.68
2354,139702.93
2355,151282.44
2356,164780.94
2357,193313.15
2358,186416.93
2359,123363.26
2360,121807.85
2361,147801.48
2362,240833.81
2363,165112.23
2364,183850.77
2365,216084.95
2366,185695.76
2367,204753.8
2368,214771.4
2369,197588.95
2370,163417.69
2371,156719.1
2372,205580.17
2373,298577.1
2374,313579.59
2375,252766.94
2376,274913.89
2377,325646.74
2378,157438.18
2379,214593.38
2380,155504.99
2381,165149.2
2382,217559.95
2383,195371.15
2384,226848.33
2385,166943.11
2386,131655.24
2387,134086.52
2388,107559.19
2389,113080.44
2390,148864.68
2391,131977.2
2392,117453.35
2393,161924.53
2394,138257.15
2395,203147.43
2396,144266.5
2397,205123.04
2398,126511.77
2399,57642.31
2400,75771.73
2401,129624.42
2402,140237.62
2403,135092.67
2404,143439.98
2405,157498.64
2406,134884.86
2407,133461.81
2408,154410.76
2409,116297.76
2410,185258.04
2411,110631.03
2412,154349.28
2413,127352.64
2414,162623.62
2415,125391.22
2416,131358.68
2417,131962.55
2418,133885.47
2419,128830.47
2420,121221.56
2421,138640.22
2422,105792.45
2423,113457.59
2424,150316.4
2425,194685.6
2426,125561.34
2427,126030.71
2428,181200.27
2429,106518.21
2430,134359.29
2431,95445.84
2432,160144.55
2433,162124.12
2434,151640.46
2435,170217.96
2436,132444.09
2437,102149.12
2438,117545.64
2439,99797.44
2440,127695.56
2441,111471.24
2442,98950.42
2443,141882.17
2444,106554.9
2445,82668.69
2446,136750.72
2447,189302.67
2448,150289.56
2449,111740.9
2450,150401.69
2451,116946.91
2452,196399.03
2453,98828.07
2454,103220.07
2455,116054.5
2456,162566.13
2457,129304.64
2458,139277.4
2459,116930.68
2460,155540.96
2461,148500.88
2462,137607.74
2463,137460.89
2464,174077.8
2465,132597.99
2466,131352.78
2467,147442.14
2468,79835.31
2469,79932.37
2470,199301.93
2471,220098.59
2472,161415.35
2473,129951.97
2474,73650.44
2475,211175.48
2476,112411.85
2477,118171.52
2478,143039.24
2479,111827.63
2480,157491.48
2481,126827.94
2482,127152.9
2483,109233.47
2484,130649.41
2485,139060.94
2486,148837.13
2487,181166.83
2488,167887.55
2489,155350.42
2490,150062.57
2491,112765.26
2492,193454.38
2493,154069.5
2494,140080.43
2495,92306.54
2496,229102.99
2497,150889.28
2498,119959.7
2499,80999.52
2500,91522.39
2501,146832.41
2502,145479.59
2503,91954.21
2504,183641.36
2505,216058.2
2506,241476.61
2507,263712.63
2508,241569.39
2509,217228.37
2510,212772.32
2511,184124.95
2512,224081.0
2513,214621.25
2514,293361.09
2515,143393.36
2516,177604.13
2517,153491.34
2518,154141.03
2519,232317.21
2520,207413.62
2521,193012.34
2522,216554.19
2523,117738.54
2524,138654.83
2525,145759.67
2526,145124.01
2527,129592.62
2528,133134.87
2529,158150.89
2530,139149.33
2531,255477.46
2532,219947.38
2533,200287.06
2534,240560.23
2535,262291.63
2536,226204.98
2537,235189.2
2538,184959.55
2539,197691.79
2540,183148.68
2541,187475.2
2542,171438.46
2543,128306.05
2544,105959.21
2545,140075.6
2546,117453.58
2547,146249.84
2548,158823.75
2549,140060.06
2550,532684.25
2551,141810.22
2552,134417.24
2553,59637.96
2554,82270.47
2555,95567.95
2556,83259.02
2557,115488.48
2558,169287.34
2559,138017.27
2560,167709.46
2561,162721.99
2562,159772.55
2563,163701.33
2564,207631.26
2565,172987.2
2566,168195.71
2567,137103.53
2568,197802.56
2569,206420.11
2570,118413.3
2571,188544.62
2572,154580.22
2573,201218.81
2574,284943.67
2575,138546.0
2576,122354.04
2577,148398.36
2578,82527.87
2579,31815.35
2580,108930.48
2581,128662.61
2582,128239.24
2583,263088.79
2584,151766.67
2585,176819.16
2586,199314.26
2587,187458.1
2588,140702.73
2589,152266.32
2590,197185.19
2591,242404.1
2592,218271.98
2593,257693.42
2594,182362.89
2595,222747.2
2596,266616.83
2597,208528.2
2598,275291.14
2599,357502.34
2600,185046.37
2601,153649.73
2602,69416.24
2603,87793.45
2604,74869.19
2605,67508.66
2606,135468.52
2607,219133.68
2608,195283.38
2609,168190.81
2610,101629.53
2611,133281.82
2612,153547.39
2613,129958.89
2614,117704.85
2615,152505.73
2616,160873.71
2617,182878.96
2618,217931.72
2619,198798.89
2620,183469.34
2621,169119.31
2622,178431.11
2623,231318.61
2624,270797.49
2625,288459.93
2626,166047.25
2627,191994.03
2628,435029.81
2629,471253.41
2630,379291.98
2631,422209.99
2632,405678.91
2633,324648.8
2634,425976.77
2635,157253.13
2636,183388.35
2637,213609.85
2638,258599.45
2639,176435.08
2640,147341.85
2641,98250.26
2642,156466.2
2643,114888.92
2644,115400.66
2645,111224.71
2646,92140.65
2647,103194.15
2648,140081.79
2649,163326.37
2650,139678.65
2651,133799.55
2652,367269.93
2653,262279.33
2654,277713.97
2655,401972.74
2656,326151.93
2657,346063.64
2658,329765.3
2659,335658.59
2660,355341.97
2661,347576.43
2662,375438.71
2663,276945.05
2664,299659.4
2665,320146.88
2666,282849.58
2667,177245.07
2668,183861.87
2669,183007.64
2670,258154.19
2671,185334.48
2672,187816.16
2673,192717.0
2674,196109.33
2675,177505.71
2676,198230.06
2677,193529.68
2678,235128.72
2679,284966.34
2680,299291.19
2681,402593.78
2682,319489.7
2683,473664.22
2684,333412.92
2685,327072.04
2686,244750.22
2687,281332.38
2688,225475.7
2689,209302.69
2690,360849.36
2691,203237.51
2692,147531.64
2693,196319.69
2694,145948.84
2695,195161.51
2696,186221.21
2697,180241.8
2698,200907.77
2699,152638.04
2700,133947.34
2701,157122.74
2702,127921.59
2703,151525.81
2704,132013.89
2705,110968.95
2706,109944.09
2707,132161.71
2708,119982.64
2709,103755.12
2710,131518.61
2711,293989.67
2712,397926.35
2713,171932.04
2714,152038.12
2715,161533.44
2716,149359.85
2717,205253.18
2718,229440.23
2719,141826.99
2720,187982.31
2721,133584.9
2722,168514.53
2723,161807.71
2724,135509.73
2725,126870.27
2726,132674.68
2727,192125.92
2728,178382.36
2729,138554.25
2730,145617.31
2731,133756.7
2732,145609.21
2733,153227.78
2734,149718.32
2735,131620.45
2736,128539.44
2737,109288.3
2738,124971.84
2739,150943.57
2740,140723.05
2741,160218.86
2742,166235.78
2743,156860.83
2744,161524.6
2745,152990.83
2746,121422.92
2747,167064.55
2748,116853.18
2749,134798.88
2750,106485.96
2751,129040.42
2752,213561.67
2753,134710.82
2754,223188.91
2755,136836.26
2756,81968.36
2757,74084.61
2758,85006.24
2759,155912.21
2760,131858.1
2761,134077.36
2762,127076.97
2763,190786.04
2764,170306.82
2765,281630.91
2766,113836.56
2767,79680.3
2768,117523.58
2769,143481.72
2770,155285.85
2771,103694.17
2772,108143.96
2773,173188.9
2774,142493.0
2775,124529.66
2776,145241.05
2777,150430.81
2778,132175.43
2779,125896.01
2780,94639.05
2781,91129.52
2782,96515.06
2783,86940.92
2784,131726.0
2785,141267.12
2786,64820.86
2787,128884.07
2788,66444.7
2789,173115.43
2790,80899.39
2791,111712.16
2792,61090.0
2793,153360.67
2794,94842.0
2795,129320.97
2796,91699.95
2797,226618.4
2798,123148.97
2799,121639.59
2800,75834.87
2801,117678.19
2802,133245.08
2803,174155.12
2804,145982.29
2805,112624.59
2806,77914.35
2807,172672.83
2808,152940.21
2809,121286.93
2810,128518.7
2811,167452.14
2812,173893.84
2813,152815.43
2814,147244.6
2815,115562.59
2816,212170.2
2817,160581.77
2818,130218.68
2819,193716.65
2820,132826.89
2821,125007.45
2822,188363.03
2823,294145.34
2824,157680.94
2825,162375.98
2826,132071.65
2827,134592.68
2828,234543.91
2829,215031.41
2830,213435.77
2831,191341.54
2832,222131.12
2833,303781.7
2834,228031.62
2835,230079.16
2836,198648.86
2837,170097.44
2838,153543.8
2839,180358.76
2840,197253.18
2841,199097.71
2842,223139.19
2843,156791.45
2844,171191.9
2845,134924.56
2846,199678.31
2847,201929.28
2848,201710.2
2849,206194.03
2850,264086.11
2851,224213.54
2852,226486.74
2853,232024.42
2854,143069.0
2855,204086.46
2856,198874.98
2857,197459.53
2858,207610.96
2859,78009.54
2860,122067.8
2861,141287.43
2862,188215.99
2863,134361.8
2864,242315.19
2865,132704.86
2866,138079.31
2867,93760.56
2868,87247.62
2869,103350.1
2870,115370.67
2871,88420.62
2872,14928.73
2873,82750.56
2874,155329.96
2875,124606.16
2876,182548.86
2877,151643.65
2878,177295.08
2879,113152.98
2880,107568.63
2881,134330.23
2882,191543.16
2883,187451.41
2884,225779.68
2885,193420.68
2886,236126.04
2887,126731.19
2888,142534.95
2889,47146.0
2890,87357.65
2891,142100.93
2892,57869.92
2893,95349.45
2894,31795.58
2895,330318.42
2896,289739.66
2897,214238.96
2898,152264.57
2899,224325.3
2900,153727.81
2901,213094.41
2902,193699.29
2903,294813.75
2904,322864.72
2905,84945.8
2906,202297.38
2907,118310.68
2908,125888.52
2909,139646.84
2910,64288.54
2911,67347.37
2912,155883.75
2913,75068.59
2914,61359.45
2915,73883.26
2916,81141.89
2917,174556.99
2918,107375.39
2919,215032.78
